; Tables of coefficients needed for type 5 flow in culverts.
; Also includes tables for defining the discharge coefficients based
; on rounding/beveling, wingwalls, and projecting entrances. 
TABLE#= 9980
TYPE=  -10
LABEL= Table 6--Cd for culvert in vertical headwall.
hratio   0.0  0.02  0.04  0.06  0.08  0.10  0.14
   1.2  0.40  0.40  0.43  0.44  0.44  0.45  0.45
   1.3  0.42  0.43  0.46  0.47  0.47  0.48  0.48
   1.4  0.44  0.46  0.49  0.50  0.50  0.51  0.51
   1.5  0.46  0.49  0.52  0.53  0.53  0.54  0.54
   1.6  0.47  0.51  0.54  0.55  0.55  0.56  0.56
   1.7  0.48  0.52  0.55  0.57  0.57  0.57  0.57
   1.8  0.49  0.54  0.57  0.58  0.58  0.58  0.58
   1.9  0.50  0.55  0.58  0.59  0.60  0.60  0.60
   2.0  0.51  0.56  0.59  0.60  0.61  0.61  0.62
   2.5  0.54  0.59  0.62  0.64  0.64  0.65  0.66
   3.0  0.55  0.61  0.64  0.66  0.67  0.69  0.70
   3.5  0.57  0.62  0.65  0.67  0.69  0.70  0.71
   4.0  0.58  0.63  0.66  0.68  0.70  0.71  0.72
   5.0  0.59  0.64  0.67  0.69  0.71  0.72  0.73
  15.0  0.59  0.64  0.67  0.69  0.71  0.72  0.73
  -1.0
TABLE#= 9981
TYPE=  -10
LABEL= Table 7--Cd for box culverts with wingwalls
hratio   0.0  30.0  45.0  60.0  75.0  90.0
   1.2  0.40  0.42  0.42  0.41  0.41  0.37
   1.3  0.42  0.44  0.44  0.43  0.42  0.39
   1.4  0.44  0.46  0.46  0.45  0.43  0.41
   1.5  0.46  0.47  0.47  0.46  0.45  0.42
   1.6  0.47  0.49  0.49  0.48  0.46  0.43
   1.7  0.48  0.50  0.50  0.48  0.47  0.44
   1.8  0.49  0.51  0.51  0.50  0.48  0.45
   1.9  0.50  0.52  0.52  0.51  0.49  0.46
   2.0  0.51  0.53  0.53  0.52  0.49  0.46
   2.5  0.54  0.56  0.56  0.54  0.52  0.49
   3.0  0.55  0.58  0.58  0.56  0.54  0.50
   3.5  0.57  0.60  0.60  0.58  0.55  0.52 
   4.0  0.58  0.61  0.61  0.59  0.56  0.53
   5.0  0.59  0.62  0.62  0.60  0.58  0.54
  15.0  0.59  0.62  0.62  0.60  0.58  0.54
  -1.0
TABLE#= 9982
TYPE=   -2
REFL=0.0
    hratio        Cd   Cd for flared entrance pipe culverts
       1.4      0.48
       1.5      0.50
       1.6      0.52
       1.7      0.53
       1.8      0.55
       1.9      0.56
       2.0      0.57
       2.5      0.59
       3.0      0.61
       3.5      0.63
       4.0      0.65
       5.0      0.66
      15.0      0.66
      -1.0
TABLE#= 9983
TYPE=  -10
LABEL= Approximation to Figure 15
L/D      0.0  0.01  0.02  0.03  0.04  0.05  0.06
;Arbitrary extension to permit interpolation for short culverts.
   0.0  -.10  -.10  -.10  -.10  -.10  -.10  -.10
   4.4  -.10  -.10  -.10  -.10  -.10  -.10  -.10
   4.5 -.098 -.098 -.098 -.097 -.096 -.091  0.09
   5.5 -.081 -.078 -.074 -.069 -.056   0.0 0.094
   6.9 -.058 -.049 -.042 -.029   0.0 0.015 0.101
   7.9 -.041 -.029 -.019   0.0 0.029 0.025 0.105
   8.7 -.027 -.012   0.0 0.009 0.047 0.034 0.108
   9.3 -.017   0.0 0.003 0.017 0.058 0.040 0.111
  10.0 -.005 0.002 0.006 0.023 0.061 0.047 0.114
  10.3  0.0  0.003 0.008 0.030 0.064 0.051 0.115
  15.0 0.002 0.010 0.022 0.042 0.069 0.100 0.136
  20.0 0.003 0.011 0.024 0.043 0.070 0.102 0.141
  25.0 0.004 0.012 0.025 0.044 0.070 0.104 0.146
  35.0 0.006 0.013 0.026 0.045 0.071 0.108 0.155
 500.0 0.069 0.073 0.086 0.105 0.114 0.294 0.596
  -1.0
TABLE#= 9984
TYPE=  -10
LABEL= Approximation to Figure 16: r/D=0.0
L/D      0.0  0.10  0.15  0.20  0.25  0.30  0.60
   0.0 -.037 -.033 -.031 -.029 -.027 -.025 -.013
   5.5 -.015 -.011 -.009 -.007 -.005   0.0 0.030
   6.8 -.012 -.006 -.003 -.002   0.0 0.006 0.041
   7.2 -.011 -.005 0.002   0.0 0.002 0.008 0.044
   7.6 -.006 -.003   0.0 0.001 0.003 0.010 0.048
   8.4 -.004   0.0 0.002 0.004 0.007 0.014 0.054
  10.0 -.001 0.003 0.005 0.009 0.013 0.021 0.068
  15.0   0.0 0.010 0.015 0.024 0.033 0.044 0.109
  20.0  .002 0.016 0.025 0.039 0.053 0.067 0.151
  25.0  .007 0.019 0.032 0.048 0.065 0.082 0.184
  30.0  .010 0.020 0.035 0.052 0.069 0.086 0.188
  35.0  .012 0.020 0.036 0.053 0.071 0.089 0.197
 500.0  .015 0.025 0.040 0.060 0.090 0.120 0.250
  -1.0
TABLE#= 9985
TYPE=  -10
LABEL= Approximation to Figure 16: r/D=0.01
L/D      0.0  0.10  0.15  0.20  0.25  0.30  0.60
   0.0 -.095 -.082 -.076 -.069 -.063 -.056 -.017
   5.3 -.041 -.028 -.022 -.017 -.012   0.0 0.041
   6.5 -.028 -.016 -.010 -.006   0.0 0.013 0.054
   7.1 -.022 -.010 -.004   0.0 0.007 0.016 0.060
   7.5 -.018 -.006   0.0 0.050 0.010 0.019 0.064
   8.1 -.012   0.0 0.006 0.010 0.015 0.023 0.071
  10.0  .004 0.010 0.013 0.017 0.022 0.030 0.078
  15.0  .008 0.018 0.023 0.033 0.042 0.053 0.119
  20.0  .010 0.023 0.033 0.047 0.060 0.073 0.151
  25.0  .011 0.027 0.040 0.056 0.072 0.088 0.166
  30.0  .013 0.028 0.043 0.060 0.077 0.094 0.194
  35.0  .014 0.028 0.044 0.061 0.080 0.099 0.213
 500.0  .025 0.037 0.053 0.075 0.102 0.132 0.283
  -1.0
TABLE#= 9986
TYPE=  -10
LABEL= Approximation to Figure 16: r/D=0.02
L/D      0.0  0.10  0.15  0.20  0.25  0.30  0.60
   0.0 -.357 -.301 -.273 -.246 -.218 -.190 -.024
   5.0 -.146 -.110 -.089 -.065 -.036   0.0 0.037
   6.0 -.104 -.072 -.052 -.029   0.0 0.020 0.057
   6.8 -.070 -.042 -.022   0.0 0.015 0.027 0.061
   7.4 -.045 -.019   0.0 0.012 0.021 0.027 0.069
   7.9 -.024   0.0 0.012 0.020 0.026 0.033 0.075
  10.0 0.013 0.021 0.025 0.030 0.035 0.044 0.098
  15.0 0.017 0.031 0.038 0.045 0.055 0.066 0.132
  20.0 0.020 0.036 0.047 0.060 0.074 0.088 0.172
  25.0 0.023 0.039 0.053 0.069 0.085 0.101 0.197
  30.0 0.025 0.041 0.056 0.074 0.092 0.110 0.218
  35.0 0.026 0.041 0.057 0.075 0.093 0.111 0.219
 500.0 0.035 0.048 0.067 0.090 0.113 0.143 0.317
  -1.0
TABLE#= 9987
TYPE=  -10
LABEL= Approximation to Figure 16: r/D=0.03
L/D      0.0  0.10  0.15  0.20  0.25  0.30  0.60
   0.0-1.121 -.920 -.820 -.720 -.619 -.519 0.083
   4.0 -.498 -.387 -.308 -.232 -.160   0.0 0.090
   5.4 -.280 -.200 -.128 -.061   0.0 0.033 0.093
   5.9 -.202 -.133 -.064   0.0 0.023 0.037 0.094
   6.4 -.124 -.067   0.0 0.023 0.029 0.041 0.095
   6.9 -.046   0.0 0.023 0.039 0.036 0.045 0.096
   7.5 0.006 0.022 0.030 0.035 0.041 0.049 0.097
  10.0 0.032 0.040 0.044 0.049 0.055 0.062 0.104
  15.0 0.038 0.050 0.056 0.064 0.074 0.084 0.144
  20.0 0.035 0.055 0.065 0.079 0.093 0.107 0.191
  27.5 0.032 0.060 0.074 0.088 0.102 0.116 0.200
  35.0 0.028 0.060 0.076 0.092 0.108 0.124 0.220
 500.0 0.045 0.060 0.080 0.105 0.125 0.155 0.350
  -1.0
TABLE#= 9988
TYPE=   -2
REFL=0.0
 Round/bev        Cd   Cd for type 4 and 6 from table 5
       0.0      0.84
      0.02      0.88
      0.04      0.91
      0.06      0.94
      0.08      0.96
      0.10      0.97
      0.12      0.98
      0.5       0.98
      -1.0
TABLE#= 9989
TYPE=   -2
REFL=0.0
Rel. round        Kr Rel. rounding adj. for types 1, 2, &3. Fig. 21
       0.0      1.00
      0.02     1.042
      0.04     1.082
      0.06     1.120
      0.08     1.155
      0.10     1.180
      0.12     1.195
      0.14     1.200
      1.00     1.200
      -1.0
TABLE#= 9990
TYPE=  -10
LABEL= Table for Figure 22: Rel. bevel. Types 1, 2, &3
RelBev   0.0  30.0  45.0  60.0 
   0.0 1.000 1.000 1.000 1.000 
  0.01 1.000 1.009 1.033 1.041 
  0.02 1.000 1.026 1.062 1.083 
  0.03 1.000 1.039 1.087 1.122 
  0.04 1.000 1.050 1.106 1.161 
  0.05 1.000 1.060 1.123 1.194 
  0.06 1.000 1.069 1.135 1.217 
  0.07 1.000 1.075 1.144 1.228 
  0.08 1.000 1.080 1.149 1.232  
  0.09 1.000 1.085 1.150 1.233 
  0.10 1.000 1.087 1.150 1.233 
  0.50 1.000 1.087 1.150 1.233
  -1.0
TABLE#= 9991
TYPE=   -2
REFL=0.0
WingWangle    Ktheta Cd var. with WWangle. Fig. 24. Types 1, 2, &3
       0.0      1.00
      10.0     1.008
      20.0     1.030
      30.0     1.064
      40.0     1.110
      50.0     1.160
      60.0     1.212
      70.0     1.160
      80.0     1.110
      90.0     1.060
      -1.0
TABLE#= 9992
TYPE=   -2
REFL=0.0
      Lp/D       Kl  Table for projecting inlet adjustment.
      0.00      1.00
      0.01      0.99
      0.02      0.98
      0.03      0.98
      0.04      0.97
      0.05      0.96
      0.06      0.95
      0.07      0.94
      0.08      0.94
      0.09      0.93
      0.10      0.92
      0.20      0.92
      0.30      0.92
      0.40      0.91
      0.50      0.91
      0.60      0.91
      0.70      0.91
      0.80      0.90
      0.90      0.90
      1.00      0.90
  10000.00      0.90
      -1.0
TABLE#=10001
TYPE=  -10 '(10A8)' '(1X,10A8)' '(F8.0)' '(10F8.0)' '(1X,F8.3,9F8.3)'
LABEL= Ratios for lin spline interp of power functions
   POWER   0.001   0.003   0.005    0.01    0.02    0.03    0.05   0.075     0.1
    0.05   1.508   2.042   2.519   3.727   6.595   10.41   22.41   51.61   111.7
     0.1   1.348   1.678   1.953   2.587   3.878   5.335       9   15.62   25.63
     0.2   1.251   1.474   1.651   2.036   2.748   3.475   5.083   7.534   10.66
     0.3   1.216   1.403   1.549   1.859   2.413   2.957   4.108   5.764    7.75
     0.4     1.2   1.372   1.505   1.786   2.279   2.754   3.741   5.129   6.746
     0.5   1.196   1.364   1.493   1.765   2.241   2.697   3.641   4.956   6.479
     0.6     1.2   1.372   1.505   1.786   2.279   2.754   3.741   5.129   6.746
     0.7   1.216   1.403   1.549   1.859   2.413   2.957   4.108   5.764    7.75
     0.8   1.251   1.474   1.651   2.036   2.748   3.475   5.083   7.534   10.66
     0.9   1.348   1.678   1.953   2.587   3.878   5.335       9   15.62   25.63
    0.95   1.508   2.042   2.519   3.727   6.595   10.41   22.41   51.61   111.7
    -1.0
TABLE#=10002
TYPE=  -10 '(10A8)' '(1X,10A8)' '(F8.0)' '(10F8.0)' '(1X,F8.3,9F8.3)'
LABEL= Ratios for lin spline interp of power functions
   POWER   0.001   0.003   0.005    0.01    0.02    0.03    0.05   0.075     0.1
    1.05   1.478    1.97   2.403   3.474   5.907    8.96   17.75   36.32   68.34
     1.1    1.31   1.596   1.829   2.352   3.365    4.44   6.935   10.88   16.04
     1.2     1.2   1.372   1.504   1.782   2.264   2.721   3.645    4.88   6.245
     1.3   1.154   1.282   1.377   1.573   1.897   2.189   2.746    3.44   4.159
     1.4   1.127    1.23   1.306   1.459   1.705   1.922   2.319   2.795   3.268
     1.5   1.109   1.196    1.26   1.386   1.585   1.757   2.067   2.427   2.775
     1.6   1.096   1.171   1.226   1.334   1.503   1.645   1.899   2.188   2.462
     1.7   1.085   1.152   1.201   1.296   1.441   1.564   1.778   2.019   2.245
     1.8   1.077   1.138   1.181   1.265   1.394   1.501   1.687   1.893   2.084
     1.9   1.071   1.126   1.165   1.241   1.356   1.452   1.616   1.796   1.961
       2   1.065   1.116   1.152   1.221   1.326   1.412   1.558   1.718   1.863
    2.25   1.055   1.097   1.127   1.183   1.268   1.337   1.453   1.578   1.689
     2.5   1.047   1.083   1.109   1.157   1.229   1.286   1.382   1.484   1.574
    2.75   1.042   1.073   1.095   1.137   1.199   1.249   1.331   1.417   1.493
       3   1.037   1.065   1.085   1.122   1.177    1.22   1.292   1.366   1.431
    3.25   1.034   1.059   1.077    1.11   1.159   1.197   1.261   1.327   1.384
     3.5   1.031   1.054    1.07     1.1   1.144   1.179   1.236   1.295   1.346
    3.75   1.028   1.049   1.064   1.092   1.132   1.164   1.215   1.269   1.315
       4   1.026   1.046   1.059   1.085   1.122   1.151   1.198   1.247   1.289
     4.5   1.023    1.04   1.052   1.074   1.106   1.131   1.171   1.212   1.248
       5    1.02   1.035   1.046   1.065   1.093   1.115    1.15   1.186   1.217
       6   1.016   1.029   1.037   1.053   1.075   1.093   1.121    1.15   1.174
    -1.0
